time 	y	p	dp	q	e	r	ex	im	po	rs	qs	dps	ys	es	ps
1980Q2	4.080411277	2.145237475	0.032156874	-0.076916286	-0.235118718	0.010804788	6.30813847	6.087679466	3.643272593	0.031786017	-1.169545552	0.035296505	3.816503045	0.226038902	3.156905505
1980Q3	4.097386597	2.188587384	0.043349909	0.113348498	-0.275442614	0.010924472	6.356518515	6.155385075	3.549617387	0.029452848	-1.122363779	0.022775041	3.819963566	0.206036923	3.179680547
1980Q4	4.099632225	2.235933407	0.047346023	0.083528468	-0.286354953	0.011004221	6.226920027	6.109101342	3.679669674	0.031253985	-1.112133192	0.02530383	3.826871572	0.230295736	3.204984377
1981Q1	4.111974897	2.261613087	0.02567968	-0.145033529	-0.260836332	0.01846747	6.143041301	6.115065285	3.666549486	0.032335565	-1.112511312	0.028136328	3.833214527	0.271731525	3.233120704
1981Q2	4.133579698	2.283897564	0.022284477	-0.164282638	-0.176314833	0.022307776	6.106398981	6.230729626	3.561330133	0.034056455	-1.076739618	0.030409303	3.837479689	0.34220876	3.263530008
1981Q3	4.148029079	2.334916746	0.051019183	-0.282672984	-0.062745995	0.028703993	6.071810024	6.267146452	3.5720647	0.036535771	-1.130527474	0.025939847	3.844351704	0.403102395	3.289469854
1981Q4	4.154247355	2.370907073	0.035990326	-0.297811877	-0.03835317	0.027959796	6.103997802	6.209928278	3.605136367	0.034100515	-1.203533266	0.022135894	3.84736863	0.379678198	3.311605748
1982Q1	4.144941031	2.395847723	0.024940651	-0.444114561	-0.011498859	0.040848387	5.949623827	6.193470035	3.473725774	0.033087752	-1.199719778	0.019045071	3.847676125	0.415195093	3.33065082
1982Q2	4.136562382	2.436871201	0.041023477	-0.67609857	0.073742906	0.038001452	5.979750024	6.113333268	3.535145354	0.033259369	-1.228689887	0.021380875	3.851245183	0.451370481	3.352031695
1982Q3	4.136305108	2.464839988	0.027968787	-0.618865413	0.139648893	0.04013974	6.083613927	6.035354539	3.514526067	0.030240678	-1.259948345	0.020185452	3.85001563	0.493491003	3.372217147
1982Q4	4.114939359	2.500960429	0.036120441	-0.418387545	0.120712075	0.037105001	6.074901193	5.920963682	3.512043822	0.029674726	-1.199315217	0.016926989	3.853918327	0.514498445	3.389144135
1983Q1	4.099383512	2.527223526	0.026263098	-0.293198898	0.080657903	0.026090004	6.037821583	5.780640975	3.380426486	0.029204716	-1.134374713	0.016021948	3.86222773	0.516513994	3.405166083
1983Q2	4.103527272	2.554914562	0.027691035	-0.273387644	0.085011879	0.02907504	6.007323935	5.744572363	3.395849775	0.029791078	-1.055392003	0.020318576	3.874746297	0.543822617	3.425484659
1983Q3	4.114989972	2.579807655	0.024893093	-0.284204882	0.102583664	0.036025086	5.960019033	5.786629665	3.426432936	0.029851465	-1.039895887	0.019321206	3.886779027	0.579643121	3.444805865
1983Q4	4.14003628	2.602104329	0.022296674	-0.399653433	0.161804174	0.039428865	5.923555508	5.963750494	3.372111801	0.029835512	-1.019197162	0.020131995	3.901050079	0.596893436	3.464937861
1984Q1	4.156862293	2.623907433	0.021803104	-0.321971551	0.209855657	0.042892449	6.019558179	6.019681554	3.393054317	0.029638647	-0.981609818	0.018418697	3.914257893	0.615289633	3.483356558
1984Q2	4.177424192	2.662369198	0.038461765	-0.324474878	0.243667487	0.042330186	6.000784852	5.934305916	3.387098457	0.029607598	-0.999816353	0.019428265	3.917697299	0.632733626	3.502784823
1984Q3	4.160711099	2.690279907	0.027910709	-0.46303493	0.45415368	0.049678491	6.076958827	6.045533356	3.335175094	0.032144727	-1.014344676	0.017537153	3.928035554	0.694017501	3.520321976
1984Q4	4.162255515	2.722774597	0.032494689	-0.450308563	0.597104232	0.049883353	6.199637539	6.027262125	3.316122311	0.031212779	-0.974860851	0.018909009	3.935508918	0.74021248	3.539230986
1985Q1	4.156279697	2.764518747	0.041744151	-0.543280379	0.713807283	0.050735211	6.228148932	5.962743248	3.32419754	0.032474769	-0.91176599	0.019484066	3.944199005	0.802627168	3.558715051
1985Q2	4.148982673	2.812740492	0.048221745	-0.445220082	0.676087488	0.046100681	6.225306647	5.898289933	3.29694736	0.03341769	-0.866861372	0.024016651	3.955528073	0.777857365	3.582731702
1985Q3	4.146339111	2.84154326	0.028802767	-0.472814684	0.816483656	0.038180272	6.274245247	5.930055778	3.306520335	0.026862023	-0.825715189	0.012231092	3.965312145	0.73800743	3.594962794
1985Q4	4.156975014	2.883246433	0.041703173	-0.41906984	0.972387471	0.031841576	6.401176577	5.905723709	3.344510621	0.027219908	-0.738321505	0.012946092	3.974093444	0.694345348	3.607908885
1986Q1	4.144990147	2.940573624	0.057327191	-0.388756268	0.768426252	0.028703993	6.188266735	5.987830033	2.878259815	0.027473126	-0.636294587	0.012341676	3.981545669	0.661807223	3.620250561
1986Q2	4.151869483	2.972903673	0.032330049	-0.421944024	0.814590177	0.026277546	6.277371185	5.857423545	2.550226116	0.021077227	-0.517513434	0.007649301	3.991449549	0.635564923	3.627899862
1986Q3	4.154118626	3.016211143	0.04330747	-0.303790506	0.911081186	0.024961334	6.352394531	6.03217187	2.519042341	0.020989284	-0.507042153	0.007268332	4.000747282	0.619584572	3.635168195
1986Q4	4.158307918	3.056451009	0.040239866	-0.240587303	0.805805999	0.023638087	6.214628438	5.766160123	2.689431273	0.021962128	-0.495797554	0.010783978	4.009364172	0.622475293	3.645952173
1987Q1	4.16555453	3.093911062	0.037460054	-0.204473073	0.731949537	0.021926403	6.188694086	5.777735987	2.885174944	0.025889281	-0.446575909	0.013980248	4.010768832	0.58164377	3.659932421
1987Q2	4.169114934	3.131193678	0.037282615	-0.119755392	0.699958928	0.022307776	6.099091193	5.75847644	2.927630077	0.027221257	-0.395542667	0.019065757	4.027055789	0.563063936	3.678998178
1987Q3	4.17275671	3.163718232	0.032524554	-0.065289488	0.722434101	0.022688591	6.153710547	5.81355449	2.949515545	0.024149825	-0.331970345	0.013942336	4.039945761	0.583094509	3.692940514
1987Q4	4.184958885	3.197431531	0.033713299	-0.352516333	0.689088957	0.023827545	6.10865562	5.887223346	2.893516807	0.024880243	-0.581607685	0.016415964	4.054823204	0.545455209	3.709356478
1988Q1	4.199876563	3.221448513	0.024016982	-0.586528301	0.71820558	0.027773512	6.090684212	5.925931462	2.761698387	0.026596912	-0.597309836	0.017115274	4.068815264	0.536980343	3.726471752
1988Q2	4.206951261	3.251207478	0.029758966	-0.617227301	0.792286384	0.029260579	6.103141153	5.987195081	2.785628336	0.028069646	-0.527243784	0.024234112	4.07791882	0.544622071	3.750705864
1988Q3	4.220311794	3.28112172	0.029914242	-0.589973557	0.889338769	0.035121507	6.232245274	6.026615963	2.669309373	0.031749595	-0.506467487	0.026317929	4.091819854	0.609321353	3.777023794
1988Q4	4.229657492	3.314106001	0.032984282	-0.558631648	0.875951954	0.03782229	6.187797676	6.060453989	2.597736699	0.033712563	-0.476805863	0.025647641	4.104269196	0.588660586	3.802671435
1989Q1	4.235831104	3.34889305	0.034787049	-0.470245306	0.900120699	0.038894487	6.13819884	6.002834148	2.85991255	0.033773725	-0.425190665	0.023106675	4.11344774	0.61764673	3.82577811
1989Q2	4.240160605	3.38982968	0.04093663	-0.452823519	0.981707617	0.042435694	6.228315375	6.094287761	2.924950303	0.044998106	-0.388588222	0.03258911	4.117968186	0.676884827	3.85836722
1989Q3	4.240964097	3.423881474	0.034051794	-0.407493996	1.006964727	0.043488327	6.194635955	5.982987408	2.864295828	0.039375753	-0.33775203	0.034971443	4.126215952	0.705973602	3.893338663
1989Q4	4.234755569	3.454254619	0.030373145	-0.413247878	0.964898022	0.047138027	6.145742115	5.905656284	2.963379522	0.046680307	-0.348139764	0.027648115	4.136846193	0.708329207	3.920986778
1990Q1	4.235556178	3.489522617	0.035267998	-0.363595762	0.944368827	0.045580389	6.139765641	5.840457209	2.988204007	0.054944559	-0.367522076	0.045938294	4.148799257	0.719016807	3.966925072
1990Q2	4.234730947	3.520392753	0.030870135	-0.44703762	0.97632412	0.046965503	6.099697906	5.860949749	2.770085592	0.031568413	-0.387646038	0.032466917	4.156655837	0.731798397	3.999391988
1990Q3	4.233890539	3.55189353	0.031500777	-0.473641619	0.951966708	0.042435694	6.071120949	5.88975682	3.277020197	0.033725974	-0.456598229	0.02069734	4.162980377	0.694901616	4.020089328
1990Q4	4.234817846	3.590665563	0.038772033	-0.635609461	0.92925434	0.042787134	6.060825276	5.784604746	3.482368683	0.034976476	-0.590152599	0.023638751	4.166969339	0.670450706	4.043728079
1991Q1	4.226830826	3.624394265	0.033728702	-0.643466032	0.949532066	0.041731538	5.974213941	5.802344637	3.032546247	0.031973816	-0.558489715	0.020154549	4.181478671	0.6990258	4.063882627
1991Q2	4.224572797	3.661199885	0.03680562	-0.556034898	1.029437258	0.039250937	6.065747729	5.833940221	2.933324813	0.028462592	-0.494123241	0.017687496	4.188035844	0.772312398	4.081570124
1991Q3	4.224184985	3.696696323	0.035496438	-0.500127458	1.051733796	0.038894487	6.005029487	5.830597306	2.989548191	0.029299592	-0.495673481	0.016886064	4.192848033	0.789760838	4.098456188
1991Q4	4.22246216	3.740012111	0.043315788	-0.526172948	1.029144304	0.037284463	5.969305831	5.694878106	3.020912572	0.033050007	-0.527306772	0.019561864	4.200994292	0.76363682	4.118018051
1992Q1	4.215430286	3.771620058	0.031607947	-0.53263969	1.039155942	0.036594351	5.973085479	5.70609841	2.901789658	0.031148772	-0.477630581	0.018297097	4.21190288	0.77249372	4.136315148
1992Q2	4.209277615	3.80105122	0.029431163	-0.569199942	1.04533457	0.033610869	5.934604891	5.710922994	3.001878348	0.03058752	-0.505013595	0.018518855	4.214627141	0.778149432	4.154834003
1992Q3	4.19763193	3.829054355	0.028003134	-0.687677476	1.019608763	0.032618211	5.917039908	5.665165193	3.002707887	0.030503049	-0.601798977	0.014386021	4.219167769	0.742635649	4.169220024
1992Q4	4.189098527	3.842477839	0.013423484	-0.741476054	1.086799458	0.029141796	5.823309956	5.873926385	2.954217331	0.029289934	-0.597559885	0.0158937	4.223893409	0.811592869	4.185113723
1993Q1	4.197918984	3.86142631	0.018948472	-0.656868501	1.138976578	0.026674905	5.886672644	5.798552101	2.901053394	0.028626613	-0.544597766	0.01912498	4.227171477	0.856995181	4.204238703
1993Q2	4.20882883	3.902112054	0.040685743	-0.594947002	1.161583958	0.026014993	6.036254219	5.739813371	2.903797889	0.027766561	-0.506281593	0.021929259	4.233509476	0.851326742	4.226167963
1993Q3	4.22312029	3.918901296	0.016789242	-0.571590041	1.216181968	0.02621002	5.981109788	5.814618191	2.802553995	0.028105267	-0.438576724	0.018948519	4.240555199	0.881241664	4.245116482
1993Q4	4.230501464	3.932768326	0.01386703	-0.540678963	1.217322302	0.023925935	6.004781028	5.833459348	2.712487011	0.027773429	-0.380394696	0.019003229	4.249729061	0.900796293	4.264119711
1994Q1	4.229076484	3.953732926	0.0209646	-0.402734309	1.234933536	0.022992812	6.004076643	5.805089163	2.635479508	0.028524477	-0.328551614	0.02377941	4.261397679	0.935660816	4.287899121
1994Q2	4.239866694	3.97121413	0.017481204	-0.334931451	1.285362912	0.024795442	5.989121491	5.952984852	2.77570885	0.030065408	-0.359424329	0.025903121	4.270568175	0.934083089	4.313802242
1994Q3	4.251050546	4.006270803	0.035056673	-0.301362992	1.282954026	0.023349816	6.026988702	6.007274295	2.819394777	0.016672077	-0.361775272	0.015159639	4.281657867	0.909050199	4.328961881
1994Q4	4.267604352	4.026247718	0.019976915	-0.308584033	1.264632249	0.026367552	6.03917474	6.016081398	2.805582153	0.016570111	-0.397442215	0.009343996	4.290990402	0.90001969	4.338305877
1995Q1	4.271209593	4.048667049	0.022419331	-0.408143103	1.271385628	0.027676625	6.057965952	6.165515049	2.827508869	0.018249755	-0.44460847	0.012046121	4.301518339	0.888334302	4.350351997
1995Q2	4.275640593	4.072438023	0.023770975	-0.405405485	1.292145756	0.030126387	6.086718897	6.131142196	2.89793751	0.018652065	-0.423811009	0.012106348	4.308997483	0.856600867	4.362458345
1995Q3	4.279946843	4.080695165	0.008257142	-0.414163574	1.294187296	0.031665431	6.10599663	6.145051402	2.784807518	0.017579683	-0.378118721	0.007788797	4.317532085	0.87596824	4.370247143
1995Q4	4.283885827	4.089790877	0.009095712	-0.343971227	1.295803301	0.033370348	5.998935767	6.181682636	2.832430685	0.018092604	-0.379602756	0.005911587	4.323752572	0.886052053	4.37615873
1996Q1	4.297821317	4.111729236	0.021938359	-0.240319913	1.327539085	0.033253721	6.067709374	6.185401288	2.924950303	0.016354271	-0.314024191	0.008781577	4.333025754	0.90386596	4.384940307
1996Q2	4.316378164	4.13146371	0.019734474	-0.255774867	1.462090372	0.036082872	6.147161291	6.233514412	2.969218879	0.014899922	-0.282442007	0.011319775	4.341101341	0.914784052	4.396260081
1996Q3	4.327661522	4.154215959	0.02275225	-0.290910621	1.497871513	0.036335067	6.280030781	6.279465019	3.022534854	0.014302725	-0.309034886	0.005208464	4.348383963	0.910973604	4.401468545
1996Q4	4.337102488	4.177292277	0.023076318	-0.313441127	1.53439535	0.038759001	6.324526527	6.255069348	3.142426653	0.013981902	-0.266821048	0.00602235	4.359007408	0.913255529	4.407490895
1997Q1	4.339970806	4.203490404	0.026198127	-0.313093568	1.506494473	0.037987064	6.169205978	6.35054718	3.052585085	0.013305857	-0.191763	0.006812886	4.364590467	0.951667584	4.41430378
1997Q2	4.346069092	4.221112299	0.017621895	-0.303689897	1.497419728	0.036176555	6.322519798	6.363219085	2.893328494	0.01329481	-0.137044634	0.007608351	4.375126869	0.963371893	4.421912131
1997Q3	4.348155686	4.236866461	0.015754161	-0.284102744	1.535621282	0.035895182	6.249484987	6.252297059	2.919029399	0.014315111	-0.062313879	0.00631379	4.383935248	0.988329863	4.428225921
1997Q4	4.349664845	4.243876018	0.007009558	-0.397127805	1.569992054	0.034817194	6.280387787	6.301540211	2.929416173	0.015112553	-0.128016409	0.006005042	4.392384525	1.000427518	4.434230964
1998Q1	4.350926758	4.256983401	0.013107383	-0.378992991	1.59943808	0.033012856	6.168569064	6.252192277	2.644520948	0.016456891	-0.026200312	0.007520659	4.390718047	1.041303997	4.441751622
1998Q2	4.352340324	4.27105457	0.014071169	-0.250952348	1.643582301	0.035012866	6.19615138	6.291362844	2.586259144	0.014889063	0.018276832	0.008641986	4.394222222	1.040161265	4.450393608
1998Q3	4.350146315	4.31139358	0.040339009	-0.535437751	1.826175389	0.04667528	6.272417313	6.420938314	2.519847384	0.014066563	-0.071044962	0.004929641	4.401382582	1.043126776	4.455323249
1998Q4	4.351112427	4.330791233	0.019397654	-0.647831768	1.754253152	0.04299772	6.192416506	6.264844497	2.406341322	0.012831247	-0.07556703	0.004935606	4.40969628	0.999448937	4.460258855
1999Q1	4.360266593	4.338234087	0.007442853	-0.564756164	1.80589246	0.037392121	6.262932473	6.249075159	2.406043801	0.011821125	0.016813465	-0.000503739	4.418908969	1.021843765	4.459755116
1999Q2	4.368192635	4.341406443	0.003172356	-0.438194138	1.812982656	0.032310834	6.24107335	6.227947987	2.729596406	0.010339445	0.103699314	0.006262863	4.426856322	1.048993245	4.466017979
1999Q3	4.379054723	4.344218324	0.002811881	-0.4153677	1.80793625	0.027907704	6.247489925	6.24250891	3.012097628	0.009954264	0.120024167	0.00376311	4.437144235	1.048809141	4.469781089
1999Q4	4.389991084	4.350168253	0.005949929	-0.360673226	1.812540376	0.024991422	6.337438393	6.353970263	3.180134997	0.010214602	0.176163192	0.006003962	4.451001643	1.042986285	4.475785052
2000Q1	4.401177089	4.365747343	0.01557909	-0.259938745	1.840911473	0.023053621	6.404308421	6.394555896	3.287405122	0.010847869	0.252741441	0.005375941	4.464856453	1.064919123	4.481160993
2000Q2	4.41033587	4.389508575	0.023761232	-0.417004017	1.92541877	0.022688591	6.422509722	6.388420847	3.278653029	0.011681913	0.220653249	0.007425898	4.474808204	1.095067054	4.48858689
2000Q3	4.420191502	4.408120704	0.018612129	-0.35317207	1.945904435	0.022688591	6.458436995	6.477563544	3.412466974	0.012345952	0.208850152	0.006286524	4.480929546	1.116615438	4.494873414
2000Q4	4.428663291	4.41794985	0.009829146	-0.378135394	2.028023239	0.022688591	6.565027659	6.537908987	3.386986889	0.01287216	0.139339537	0.005405167	4.487034103	1.142927988	4.500278581
2001Q1	4.435136029	4.437324151	0.019374302	-0.312164295	2.057422134	0.022688591	6.56476677	6.499993511	3.251021569	0.012682238	0.087681601	0.004598372	4.493135096	1.131230944	4.504876953
2001Q2	4.440122179	4.451612164	0.014288012	-0.317097019	2.083951357	0.022391611	6.603673888	6.530521948	3.304686481	0.011707131	0.058190632	0.010474269	4.494780672	1.167085825	4.515351222
2001Q3	4.442774778	4.454760002	0.003147838	-0.369938978	2.124273884	0.02034891	6.567499975	6.523119591	3.228826156	0.01096144	-0.062733319	0.003186974	4.494851344	1.158605129	4.518538196
2001Q4	4.450435002	4.460088921	0.005328919	-0.305976575	2.323171727	0.02036753	6.630851631	6.682590342	2.96217549	0.009247907	-0.089150287	0.000772814	4.497284524	1.159640683	4.51931101
2002Q1	4.460925612	4.491355142	0.031266221	-0.188308135	2.444588001	0.022507498	6.753756205	6.760427233	3.05195664	0.008334219	-0.047160265	0.004937077	4.504449123	1.179775943	4.524248087
2002Q2	4.473534139	4.52390373	0.032548587	-0.181126109	2.347080333	0.025543687	6.75211511	6.682915389	3.221671912	0.009221773	-0.086169024	0.009820069	4.512231997	1.15550749	4.534068156
2002Q3	4.484788527	4.552807899	0.02890417	-0.359331681	2.345357185	0.027547011	6.690063444	6.729523999	3.292620588	0.009162627	-0.280516766	0.004358793	4.51822373	1.119188505	4.538426949
2002Q4	4.49307482	4.584223324	0.031415425	-0.396361097	2.276774856	0.029684978	6.701997075	6.666661648	3.290515324	0.008376237	-0.318792559	0.005334599	4.521688832	1.116222199	4.543761548
2003Q1	4.499921886	4.598418444	0.01419512	-0.485153997	2.121125565	0.029801728	6.577248893	6.624036168	3.44765785	0.007858461	-0.401073409	0.007653834	4.525969189	1.078888148	4.551415382
2003Q2	4.505470285	4.603533848	0.005115404	-0.564263403	2.050647185	0.029315503	6.51308527	6.560157	3.26295778	0.007243274	-0.333654742	0.005673837	4.532091431	1.049400315	4.55708922
2003Q3	4.511508746	4.595547032	-0.007986816	-0.467121545	2.003953964	0.025218893	6.570342522	6.713463591	3.347912632	0.006322958	-0.241543933	0.003539816	4.543582903	1.049692368	4.560629036
2003Q4	4.518510384	4.574716133	-0.020830898	-0.368964373	1.906160496	0.019217111	6.51074376	6.722641543	3.381446953	0.005985725	-0.170973259	0.00410067	4.555195644	1.010605645	4.564729705
2004Q1	4.533407769	4.577647899	0.002931766	-0.265975329	1.916076666	0.017622374	6.587749458	6.716898811	3.464172181	0.005926037	-0.117396266	0.00521369	4.563932017	0.97813884	4.569943395
2004Q2	4.549289544	4.583075895	0.005427996	-0.318204056	1.888698625	0.017575773	6.600626126	6.779837945	3.569250967	0.006076015	-0.133521815	0.009649046	4.571040973	0.999863141	4.579592441
2004Q3	4.566726611	4.585410238	0.002334343	-0.29015001	1.853301317	0.017163767	6.629231051	6.743202598	3.727939097	0.006403277	-0.146185442	0.004865727	4.577276181	0.994757743	4.584458169
2004Q4	4.575546712	4.590836954	0.005426716	-0.174162546	1.800539148	0.016688696	6.694464992	6.757761646	3.787744671	0.006860094	-0.096969723	0.005932003	4.58376761	0.95906602	4.590390172

